3500 0
3200 0
3200 0
3200 0
3500 0
3800 3
3500 5
4500 -3200
4500 -3200
5000 -3200
6000 -2300
7500 -3200
8000 -3200
10000 -3200
8500 -3200
10000 -2600
10000 45
8000 25
8000 25
8000 30
7000 20
10000 45
3500 5
6000 5
3500 5
6000 17
3500 5
7000 23
7500 23
8500 35
8000 30
12500 65
12500 55
12500 55
12500 65
12500 65
12500 65
12500 65
12500 65
12500 65
12500 65
12500 65
12500 65
12500 65
12500 65
12500 62
12500 62
12500 62
12500 62
12500 62
12500 62
12500 62
11000 55
12500 62
12500 60
12500 60
12500 65
12500 65
12500 65
5200 14
12500 62
12500 62
12500 62
12500 30
8000 35
8000 35
7500 32
8000 35
9000 40
9000 40
3000 3
8000 35
8000 35
9000 40
7500 5
9000 40
9000 40
8000 34
8000 4
9000 40
3000 3
7500 30
7500 30
9500 43
9500 43
8500 19
8000 34
8500 37
6000 22
9500 43
9000 40
5500 22
9000 40
9000 40
10000 46
10000 46
3000 7
3500 8
7000 28
9000 31
9000 40
9000 43
10000 49
8000 37
4000 13
8000 37
4000 13
7000 30
4000 13
7000 30
7500 33
7500 33
9000 43
11000 55
9000 46
6000 24
6500 27
8000 37
9000 43
4200 14
12500 62
12500 62
12500 62
12500 60
6000 22
8000 37
6000 22
8000 37
8000 37
12500 62
12500 62
14000 62
10000 45
9500 42
9500 37
8000 33
5500 20
9000 42
3500 8
9000 45
9000 45
3200 5
10000 50
10000 50
4000 12
4000 12
10000 22
3200 0
5000 15
9000 42
7000 5
3200 6
3000 0
5000 17
8000 37
7000 1
8000 37
9000 45
10000 51
7000 26
5000 13
9000 45
9000 45
9000 45
3200 5
9000 45
6000 26
9000 45
9000 45
13000 70
13000 70
13500 73
12500 67
13000 70
10000 52
14000 76
13500 73
9000 45
8000 39
4000 13
8000 39
10000 51
3500 10
3200 9
8000 39
10000 51
9000 45
3500 10
3200 8
13000 70
13000 70
13500 73
13000 70
13500 73
13500 73
13500 73
13500 73
4000 5
6000 26
7000 32
9000 45
9500 48
4000 13
3200 8
9000 45
9000 45
7000 3
9000 45
9000 45
8000 39
8500 42
8500 3
8000 3
8500 3
7000 2
3000 5
8000 2
3200 7
8000 2
7000 33
12500 67
13000 70
13000 70
13000 70
13500 73
12500 67
12500 67
12500 67
12500 67
13000 70
12500 67
14000 76
12500 67
9000 45
9000 45
3200 8
3500 8
3500 10
14000 76
13500 73
13000 70
13500 73
13500 73
13500 73
13000 70
13000 70
13000 70
13000 70
13500 73
13000 70
6500 29
9000 45
8000 40
3200 8
9000 45
9000 45
9000 45
9000 45
3500 10
3200 8
10000 5
10000 51
3500 10
3500 10
9000 45
9000 45
10000 51
5000 20
5500 22
9500 48
10000 48
13000 70
13500 73
13000 70
13000 70
14000 76
14000 76
13500 73
13500 73
13500 73
13500 73
13500 73
13500 73
14000 76
13500 73
13500 73
13000 70
13000 70
13500 73
3500 8
3000 7
3000 7
9000 45
9000 45
9000 45
11000 57
4200 15
8000 39
9000 45
9000 45
9000 45
9000 45
9000 45
3500 8
9000 45
9500 48
9000 47
4000 13
6000 26
3200 6
5000 20
8000 39
9000 45
9000 45
5200 21
5500 24
7500 35
10000 51
8000 40
8000 39
10000 50
4200 3
3200 7
3200 6
8000 39
8500 26
8000 39
5500 23
7500 35
8500 42
8500 42
8000 39
8500 42
4500 15
8000 40
9500 49
9000 45
9000 47
10000 51
10000 51
10500 2
8000 29
6000 26
9000 45
10000 51
9000 42
9000 45
9000 45
3200 7
9000 43
12500 67
13000 70
13000 70
13000 70
13000 70
13000 70
13000 70
13000 70
8000 39
8000 39
13200 71
13000 70
13000 70
13500 73
13500 73
13500 73
13500 73
13500 73
12500 67
5000 20
15000 83
13500 73
13000 70
12500 67
8000 39
9500 48
11000 57
13500 73
10000 51
5500 23
8000 39
8000 39
10000 51
4000 14
8000 39
8500 42
7500 32
9500 48
9000 45
9000 45
10000 51
10000 51
10000 51
11000 57
9500 48
8500 42
10000 51
9000 45
6000 26
9000 45
9000 45
9000 45
9000 45
9000 45
7500 35
6500 29
6000 26
6000 26
9500 48
5500 23
13500 73
13500 73
13500 73
13500 73
13500 73
13500 73
13500 70
9000 17
9500 48
9000 45
9000 45
3200 7
7500 35
3200 7
9000 45
13500 73
13500 73
13500 73
10500 54
9500 48
4500 14
11500 61
10000 51
9000 45
10500 54
10500 54
5500 24
3200 0
11000 58
10000 51
8000 39
10500 54
9000 45
9500 2
9000 2
10000 2
10500 54
4500 2
9000 2
13000 70
13000 70
9000 2
13500 73
6000 26
10000 51
9500 48
10000 51
10500 54
5000 20
4000 13
10500 54
11000 57
10500 54
10000 51
10000 51
10500 54
13700 74
13000 70
13500 73
14000 76
10000 57
4000 13
2000 2
9500 48
3200 8
9000 45
3200 7
4500 16
5000 16
3500 10
4500 20
12500 67
13000 70
12500 67
13500 73
12500 67
13000 70
13000 70
13000 70
13000 70
13000 70
13000 70
13000 70
13000 70
13000 70
13000 70
13000 70
3500 8
9000 45
10000 51
2000 2
9000 45
3200 7
9000 45
11000 54
10500 54
7500 35
6500 30
11000 54
8500 42
4000 13
10000 51
5000 23
10000 51
10000 51
3500 10
3200 8
8000 39
9500 48
10000 51
10000 51
11000 51
5500 23
8000 39
5500 23
8500 42
9500 48
5000 16
7000 32
5000 15
8000 39
7500 35
3000 10
4500 16
6500 28
10500 54
8000 39
7500 35
2200 3
2500 3
3200 9
11000 57
10000 51
9000 45
10000 51
5000 16
3500 8
3200 5
13500 73
11500 61
10000 51
13500 73
13500 73
5200 21
5000 20
9000 45
11000 57
9000 45
13500 73
13500 73
9000 45
13500 73
13500 73
13500 73
5000 13
10000 51
9000 45
10000 51
13500 73
11000 60
13500 73
14000 76
14000 76
10000 51
11500 61
6500 29
13500 73
13500 73
13500 22
13500 73
13500 73
13500 73
10000 51
9000 45
9000 45
10000 51
7000 32
3200 7
3200 7
9000 47
13500 73
13500 73
13500 73
13500 73
13500 73
12500 67
12500 67
12500 67
12500 64
13500 73
13500 73
13500 73
13500 73
13500 73
13500 73
14000 76
15000 83
13500 73
13500 73
13500 73
13500 73
13500 73
13500 77
13500 76
13500 73
13500 73
13500 73
13500 73
13500 73
13500 73
13500 73
14000 76
13500 73
13500 73
13500 73
13500 73
13500 73
12500 67
13000 70
13000 70
12500 67
5000 23
10000 52
7500 35
10000 51
10000 51
11000 57
7000 33
7000 32
9000 45
9000 45
9000 45
11000 57
3500 12
11000 57
9000 45
13500 73
13500 73
13500 73
13500 73
13500 73
13500 73
2000 2
3500 10
3500 10
5000 2
9000 45
9000 45
9500 45
11000 57
13500 73
13500 73
13500 73
13500 73
13500 73
13500 73
13500 73
13500 73
13500 73
13500 73
13500 73
13500 73
13500 73
13500 73
13500 73
13500 73
13500 73
13500 73
13500 73
13500 73
13500 73
13500 73
13500 73
8200 40
9000 45
10500 54
3200 4
3200 5
14000 76
14500 80
16000 90
14000 76
14000 76
14000 76
13500 73
13500 73
13500 73
14500 80
13000 70
14500 80
14000 80
14000 76
14000 76
14000 80
14000 80
13500 76
13500 73
13500 73
13500 73
13500 73
13500 73
13500 73
13500 73
13500 73
13500 73
14000 80
14000 80
14000 80
14000 80
14000 80
14000 80
14000 80
14000 80
14000 80
14000 80
13500 76
13500 76
13500 76
13500 76
13500 76
13500 76
13500 73
13500 73
13500 73
13500 73
13500 76
13500 76
13500 76
13500 76
13500 76
13500 73
13500 73
13500 73
13500 73
13500 73
13500 73
13500 73
13500 73
13500 73
12500 67
12500 67
12500 67
12500 67
12500 67
12500 67
10000 54
10000 54
10000 54
10000 54
10000 54
10000 54
13500 76
13500 76
13500 76
13500 76
13500 76
13500 76
13500 76
13500 76
13500 76
13500 76
13500 73
13500 73
13500 73
13500 73
8000 2
4000 -1
10000 -1
15000 83
15500 86
14000 78
14000 78
14000 78
14000 78
14000 78
14000 78
13500 73
13500 73
8000 2
8000 2
11000 -1
13000 -1
8000 2
10000 -1
10000 -1
13500 73
13500 73
13500 73
13500 -1
13500 -1
13500 -1
2500 4
10000 -1
6000 -1
10000 51
13500 -1
13500 -6000
13500 73
13500 73
13500 73
13500 73
13500 73
13500 73
13500 73
13500 73
13500 73
13500 73
13500 73
3000 -1
10000 -1
10000 -1
8000 -1
10000 -1
10000 -1
13500 -1
13500 -1
13500 -1
10000 -1
10000 -1
10000 2
10000 -1
13500 73
13500 73
13500 73
13500 73
13500 73
13500 73
13500 73
13500 73
13500 73
13500 73
10500 -1
13500 73
13500 73
13500 73
13500 73
13500 73
13500 73
13500 73
13500 73
13500 73
13500 73
13500 73
13500 73
13500 73
13500 73
13500 73
13500 73
13500 73
13500 73
13500 73
13500 73
13500 73
13500 73
13500 73
13500 76
13500 76
13500 76
13500 76
13500 76
13500 76
13500 76
13500 76
13500 76
13500 76
13500 76
13500 76
13500 76
13500 76
13500 76
13500 76
13500 76
13500 76
10000 54
13500 76
13500 76
13500 76
13500 76
13500 76
13500 76
11000 60
5000 23
5500 26
7500 38
10000 54
13500 76
13500 76
13500 76
13500 76
13500 76
5000 23
13500 76
13500 76
13500 76
13500 76
13500 76
13500 76
13500 76
13500 76
13500 76
13500 76
13500 76
13500 76
13500 76
13500 76
13500 76
13500 76
13500 76
13500 76
13500 76
13500 76
13500 76
13500 76
13500 76
13500 76
13500 76
13500 76
13500 76
13500 76
4500 19
13500 76
13500 76
13500 76
8500 45
13500 74
13500 76
13500 76
13500 76
13500 76
13500 76
13500 76
13500 76
13500 76
13500 76
13500 76
13500 79
13500 76
13500 76
7000 35
13500 76
13500 76
13500 76
10000 57
10000 54
10000 54
5000 23
11000 60
11000 60
11000 60
10000 54
11500 64
10000 54
8000 41
14000 78
14000 78
14000 78
14000 79
14000 79
14000 79
13500 76
13500 76
13500 76
5000 23
5000 23
13500 76
13500 76
11000 60
14000 79
9000 48
13500 76
13500 76
13500 76
13500 76
13500 76
13500 76
13500 76
13500 76
13500 76
13500 76
13500 76
15000 86
15000 86
13500 76
13500 76
11000 60
12000 67
6000 29
10000 54
11000 60
13500 76
13500 76
13500 76
13500 76
13500 76
13500 76
13500 76
13500 76
13500 76
13500 76
13500 76
13500 76
13500 76
13500 76
13500 76
13500 76
13500 76
13500 76
13500 76
13500 76
13500 76
7000 35
5000 23
9000 48
9000 48
13500 76
13500 76
13500 76
13500 76
13500 76
12000 67
13500 76
13500 76
13500 76
13500 76
13500 76
13500 76
13500 76
13500 76
13500 76
13500 76
13500 76
13500 76
13500 76
13500 76
13500 76
13500 76
13500 76
13500 76
13500 76
13500 76
13500 76
13500 76
13500 76
13500 76
13500 76
13500 76
13500 76
13500 76
13500 76
13500 76
13500 76
13500 76
13500 76
13500 76
13500 76
13500 76
13500 76
13500 76
13500 76
13500 76
13500 76
13500 76
13500 76
13500 76
13500 76
13500 76
13500 76
13500 76
13500 76
13500 76
13500 76
13500 76
13500 76
9000 48
13500 76
4500 19
5500 26
5500 26
13500 76
13500 76
13500 76
13500 76
13500 76
13500 76
13500 76
13500 76
13500 76
13500 76
13500 76
13500 76
13500 76
13500 76
13500 76
13500 76
6000 29
13500 76
13500 76
13500 76
10000 48
8000 -1
11000 -1
13500 76
13500 76
13500 76
13500 76
13500 76
13500 76
13500 76
13500 76
13500 76
13500 76
13500 76
13500 76
13500 76
13500 76
13500 76
9000 47
13500 76
13500 76
13500 76
13500 76
11500 62
10500 56
13500 76
13500 76
13500 76
13500 76
13500 72
13500 72
13500 76
16500 90
9500 52
5000 15
13500 73
13500 73
15000 85
15000 82
15000 82
15000 82
14000 78
14000 78
14000 76
14500 82
14000 76
14000 76
14000 76
13500 72
13500 72
13500 72
13500 72
13500 72
13500 72
13500 76
15000 82
15000 82
15000 82
15000 82
15000 82
13500 76
15000 83
13500 72
14000 76
13500 73
13500 76
13500 76
4500 16
13500 73
13500 76
14000 76
13500 73
13500 70
13500 70
13500 73
13500 73
13500 73
13000 73
13500 73
13500 76
13500 76
13500 73
13500 76
13500 73
13500 73
13500 73
10500 58
9500 52
11500 -1
10500 -1
13000 73
13000 70
13500 73
13000 70
11500 -1
10500 -1
13500 -1
13500 -1
12500 -1
12500 -1
12500 -1
12500 -1
12500 -1
12500 -1
12500 -1
12500 -1
12500 -1
12500 -1
12500 -1
12500 -1
12500 -1
11000 -1
2500 4
12500 -1
9000 -1
10500 -1
12500 -1
12500 -1
12500 -1
12500 -1
12500 -1
12500 -1
12500 -1
12500 -1
12500 -1
12500 -1
12500 -1
12500 -1
12500 -1
12500 -1
12500 -1
12500 -1
12500 -1
12500 -1
12500 -1
12500 -1
12500 -1
12500 -1
12500 -1
12500 -1
12500 -1
8100 -1
12500 -1
12500 -1
12500 -1
12500 -1
12500 -1
12500 -1
12500 -1
12500 -1
6000 -1
13000 -1
12500 -1
12500 -1
12500 -1
12500 -1
12500 -1
12500 -1
12500 -1
12500 -1
12500 -1
14000 -1
12500 -1
12500 -1
11000 -1
11000 -1
12500 -1
13500 -1
12500 -1
12500 -1
10500 -1
12500 -1
12500 -1
11500 -1
12500 -1
12500 -1
12500 -1
12500 -1
12500 -1
12500 -1
12500 -1
12500 -1
12500 -1
10500 -1
11000 -1
11500 -1
13000 -1
12500 -1
12500 -1
12500 -1
12500 -1
12500 -1
12500 -1
10500 -1
10500 -1
12500 -1
12500 -1
12500 -1
12500 -1
13500 -1
13500 -1
13000 -1
0 0
